text;attention
Sure,;0.006691072419860934
here's;0.0063229858014567765
an;0.0025494800084496067
implementation;0.0033021725386149516
in;0.0032587151364143556
Rust:;0.10312853450518544
°**;0.00706442004969046
fn;0.005829673251449451
sort_ascending(arr:;0.4264913571028027
&mut;0.007653745183839567
[i32]);0.027652593894940496
{;0.004090400188188242
"arr.sort_unstable();";0.22714140773127772
};0.004595272383427811
fn;0.003292612843600199
main();0.005145383122614849
{;0.0028420545251412964
let;0.002926516374813399
mut;0.0028786981493762287
arr;0.003032808522783118
=;0.002508542111376477
[5,;0.008055057673691999
2,;0.004172903454228567
4,;0.004651262821833794
1,;0.0033032316013430272
"3];";0.003840419663360017
sort_ascending(&mut;0.008885514539851922
"arr);";0.0032412093972349247
"printin!(""{:?}"",";0.007132391911083662
"arr);";0.002638626676034517
};0.002770657301252857
°°”;0.005112390431613969
This;0.0029866632191841167
code;0.0026752944930261667
sorts;0.003354758219354559
the;0.0024724637214416814
array;0.002775838497196983
arr;0.0026294338583206854
in;0.002432676951150287
place;0.0031980604953031045
using;0.0028825984005200036
the;0.0027722020762657932
sort_unstable;0.00803763670223381
method.;0.004621021520129822
The;0.00256728847555918
sort_unstable;0.005929834318824746
method;0.0025413754728591097
sorts;0.003089219758114406
the;0.002499730329759263
slice;0.0029199952852997394
in;0.002443554178916603
place;0.0025306611873731175
and;0.002472674469983318
may;0.0028389605166026996
not;0.002434750375259563
preserve;0.0026848798604393372
the;0.0024936695106168006
order;0.002494407997915944
of;0.0023523384650557273
equal;0.0022883960870161593
elements.;0.0023775042394436705
