text;attention
Here;0.008731763656130972
are;0.008103175841482312
some;0.00794128896496064
eco-friendly;0.030130811445675726
and;0.007890346552848473
nature-inspired;0.022000240472356603
gift;0.023627181591755225
ideas;0.014948461585220906
for;0.009228953757874926
your;0.00782210576368939
wife;0.02819675454090744
on;0.013767829414695966
your;0.008260671099090748
5th;0.010360473552225176
wedding;0.012428968991509365
anniversary:;0.04667967364957243
1.;0.011325279946307462
A;0.00917091401084389
nature-themed;0.013359472307505525
scrapbook;0.013779656540892828
to;0.009323432935950213
document;0.009745057759946184
your;0.00785064084298136
adventures;0.009657505587782337
together.;0.016827988382535623
2.;0.012657402327683491
A;0.007881453115256024
set;0.0078102302539325074
of;0.008273405334997336
reusable;0.009298067491442885
bamboo;0.010262650424560154
straws,;0.015791494595943794
utensils,;0.010777814571050509
or;0.008289196339007088
a;0.007555668960169044
water;0.007277565574201385
bottle.;0.010603812796507147
3.;0.009625835475318627
A;0.007456486215799193
membership;0.00912890831425738
to;0.008435491870559845
a;0.007531769340429814
local;0.008133653947119814
botanical;0.008364901463428621
garden;0.007991672804141129
or;0.00792561638238341
park.;0.01035588051593058
4.;0.009091374485640536
A;0.007392878591488814
potted;0.00816183282808678
plant;0.008525559370045578
for;0.007937748596648362
your;0.007270034040608296
home;0.007818394374091599
or;0.00738813607644775
yard.;0.009101851388591261
5.;0.0088060579587575
An;0.007318623952305319
experience;0.008739327300388884
such;0.007947525625262828
as;0.007898290057706816
a;0.0073658627512546235
guided;0.007951051723306358
hike,;0.009505177662773935
a;0.007468821929888025
tree;0.007729627166828098
planting;0.008466104997987544
event,;0.007869873226150407
or;0.007396127004894942
a;0.007117695517985871
bird;0.007303406907191096
watching;0.007412874129876339
trip.;0.008622024791917008
6.;0.00855550273685676
A;0.007367663363075815
personalized;0.008708276779917347
piece;0.00736222132397584
of;0.007303071666400564
jewelry;0.009573696626308583
made;0.007497036674814382
from;0.007322646660856759
recycled;0.007872176105732768
materials.;0.007954886331534522
7.;0.008138809102495067
A;0.007196343179478868
romantic;0.008145195119253407
camping;0.008378475214621395
or;0.0073998225271872725
glamping;0.00801978802598864
trip.;0.007832912742280042
I;0.007410141345558337
hope;0.007693751697923125
these;0.007273359643941718
ideas;0.007390524353665041
help;0.007878761081405186
you;0.007178806242556922
find;0.00739143053741963
the;0.0069696028822858296
perfect;0.007132532425439989
gift;0.007515263127731492
for;0.007254948321682061
your;0.006926596172321484
wife!;0.007161848222305107
