text;attention
ChatGPT;0.028079970241289526
uses;0.019549977340883325
a;0.017239982024191608
large;0.017649945196115676
language;0.018063518070383422
model;0.01973238278525597
to;0.018728090083793572
provide;0.017992588887674334
answers;0.019619870158330787
to;0.017000148104467885
questions.;0.022419368904087206
Open;0.017629508423321456
Assistant;0.018613396000841626
collects;0.019763419082976765
data;0.02069914467390359
from;0.017652320682711633
humans.;0.02538098707517141
The;0.01733851901450507
advantage;0.01950722904282627
of;0.017970630109196386
Open;0.017139867550970463
Assistant;0.017512540302339185
is;0.018103999034181226
that;0.01781455511214857
you;0.017445778943265232
can;0.017675913901127886
get;0.018449412491792522
a;0.01706143658098166
more;0.017029880378990836
accurate;0.017492562776739162
reply;0.019442244599132106
unlike;0.018146612840611538
ChatGPT;0.02154773711833348
who;0.0181094636577596
is;0.01714276778023034
confidentially;0.01853334157135614
incorrect.;0.021779990877715788
Open;0.01708329134184933
Assistant;0.017231710938133173
takes;0.01803694161375988
a;0.01699178553459832
lot;0.017095125519329273
more;0.016958370938301492
time;0.018129769255735752
to;0.016916556219765864
respond;0.0184060512779996
unlike;0.01854872728405751
ChatGPT;0.01856157693006522
who;0.017148326828104393
takes;0.017678363481424708
at;0.016756662496085956
most;0.018025006739647173
2;0.018334503934508264
minutes.;0.017038128247030795
