text;attention
Sure,;0.02234201415784919
here's;0.04446583447355805
some;0.008597491336451739
Python;0.010079348368325964
code;0.009587165173937932
to;0.007883775484009049
generate;0.00857553376332539
the;0.007817722244258933
first;0.009260668684733953
N;0.009764753890313962
Tribonacci;0.02189242453913263
numbers:;0.015335647163331387
def;0.00962844142461606
tribonacci(n):;0.05958183579170635
#;0.008513138070048894
First;0.00824119539825199
three;0.008179477772813009
Tribonacci;0.01394180320251044
numbers;0.008031665194453173
a,;0.009544187108905231
b,;0.008594854414845818
c;0.00750270520820866
=;0.0075105661113438645
0,;0.010717504229581419
1,;0.01016798471084789
1;0.00907190402796932
#;0.0077282318305578485
List;0.007503104341325255
to;0.006829963868810277
store;0.0068072886017314805
the;0.006491416633835917
sequence;0.007514959433421817
sequence;0.007371063919427119
=;0.007185798970721252
[a,;0.010779601665400651
b,;0.007767858800411274
c];0.009372250746579549
#;0.00709815204231504
Generate;0.007858416799906509
the;0.006352293924156792
sequence;0.006851161903103778
up;0.006961550536407119
to;0.006717706814530286
the;0.006556234041838742
nth;0.008416006305122134
number;0.007302885149837503
for;0.0074302969569492745
i;0.007227543271523632
in;0.007065436106263029
range(3,;0.012786411818951566
n):;0.009272320555029002
#;0.006791742065602185
Calculate;0.007544140908824697
the;0.006336210447104513
next;0.006609494005296205
Tribonacci;0.009326457175241156
number;0.006963636548542831
next_num;0.00895752235020492
=;0.0066518787041902
a;0.007035197021057383
+;0.006865831930114712
b;0.006930968206404695
+;0.006706954303424665
c;0.006919095360714027
#;0.0067700124956614925
Add;0.006616761473101275
it;0.0067067533242661055
to;0.0064145570909238695
the;0.006285324491122218
sequence;0.006789316112851999
sequence.append(next_num);0.0205835860731228
#;0.00658591413884086
Update;0.006471269096728125
a,;0.007231506488426674
b,;0.006924397326375667
and;0.006311521822848924
c;0.006640557067862606
a,;0.007226381779590889
b,;0.0068128377653932735
c;0.006392614559763922
=;0.006407134723526388
b,;0.006956086200826662
c,;0.006994336343604852
next_num;0.008452663800166545
#;0.006569818146668491
Return;0.006390629942238804
the;0.006149764208043771
sequence;0.006531321514548318
return;0.0065234779498775115
sequence;0.006522018787054055
To;0.006833478228237317
use;0.006452213775893071
this;0.006310157554390646
function,;0.007156668146285315
simply;0.006415295857105333
call;0.006382079163761533
it;0.006293725848228005
with;0.006258080389887723
the;0.006161464128288567
desired;0.006253997255792154
number;0.006381570777324318
of;0.006212033075634471
Tribonacci;0.007514219831206506
numbers:;0.006994935968443993
tribonacci(10);0.01071005761899188
(0,;0.007571022102223672
1,;0.007015700847214018
1,;0.006932292479042565
2,;0.006819720332404535
4,;0.006751094147827724
7,;0.006690135848408446
13,;0.006863044681669747
24,;0.006663349329066757
44,;0.0063614659681637065
81];0.006024907910862366
